{
    "Johnny": {
        "type_id": "opencv-matrix",
        "rows": 1,
        "cols": 128,
        "dt": "f",
        "data": [ -2.54314005e-01, 2.59419233e-01, -3.95560265e-01,
            -4.32728440e-01, 1.14235067e+00, 7.31332779e-01,
            -6.32182837e-01, 1.06234908e-01, -1.50086868e+00,
            1.81631297e-02, 9.37909245e-01, -1.06528711e+00,
            -1.79483140e+00, 3.81302506e-01, 6.05652392e-01,
            1.38986036e-01, -1.67111850e+00, 2.35103798e+00,
            -4.40943837e-02, -2.21358687e-01, 6.75799429e-01,
            3.73802245e-01, 5.83232045e-01, -2.36642671e+00,
            3.85945559e-01, 1.30098134e-01, -7.87133157e-01,
            2.68757463e-01, 4.99819100e-01, 3.94457400e-01,
            -1.24656034e+00, 1.11005986e+00, -6.20958686e-01,
            -1.58933425e+00, 6.62442669e-02, -8.10227871e-01,
            6.69597745e-01, 1.87207580e-01, 1.47057724e+00,
            1.46432519e-01, 2.03589106e+00, -1.14562666e+00,
            -1.70050752e+00, -6.67710900e-01, 2.64338517e+00,
            7.65487731e-01, 8.28174829e-01, 2.92562634e-01,
            1.64032006e+00, 1.07984281e+00, -1.02254331e+00,
            -8.34399581e-01, 8.70384991e-01, 8.13752890e-01,
            3.01202416e-01, 1.08357668e-02, 1.40614367e+00,
            -2.94031590e-01, 6.84356332e-01, 1.62551308e+00,
            -4.55209553e-01, -1.00015378e+00, -6.57777548e-01,
            -4.79517281e-01, -1.08906940e-01, -5.89689732e-01,
            8.39632377e-02, -9.02158022e-02, -7.64062822e-01,
            1.20301998e+00, 6.42758667e-01, -5.09418771e-02,
            -7.23704457e-01, -5.09118915e-01, 1.44015181e+00,
            1.50002396e+00, 1.09439600e+00, -1.96008757e-01,
            1.47545159e+00, 6.75175548e-01, 4.56327468e-01,
            2.12123662e-01, -8.29708576e-01, -1.56053856e-01,
            -5.44660807e-01, -8.01967859e-01, -9.55040455e-01,
            9.39883053e-01, 5.58336437e-01, 5.67101061e-01,
            -8.86595726e-01, -6.21522248e-01, -1.62316859e+00,
            -2.37917900e-01, 8.30374122e-01, 2.41984278e-01,
            1.54624999e-01, 4.93623525e-01, -1.00195801e+00,
            -9.00941610e-01, 1.34453654e+00, -4.80498374e-02,
            1.14230812e+00, -1.52698064e+00, 4.17809546e-01,
            -5.38444817e-02, 3.61982822e-01, 3.87214363e-01,
            -3.64935547e-01, -7.00907707e-01, -6.27705991e-01,
            -2.17489552e+00, -1.51288664e+00, 1.27057981e+00,
            -7.64907598e-01, 1.49482772e-01, 1.12940311e+00,
            1.23919733e-01, 1.31747937e+00, -7.80920163e-02,
            5.76368034e-01, 1.96215534e+00, 1.41419768e+00,
            7.18462586e-01, -8.19924235e-01, -1.06447244e+00,
            7.68484712e-01, -1.28101075e+00 ]
    },
    "Jenny": {
        "type_id": "opencv-matrix",
        "rows": 1,
        "cols": 128,
        "dt": "f",
        "data": [ -4.84267592e-01, 8.11135352e-01, 1.87831596e-01,
            -1.14910461e-01, 2.04963470e+00, -9.24900025e-02,
            -6.39630780e-02, -2.62915015e-01, 4.94359225e-01,
            1.34180278e-01, -2.22312152e-01, -3.20819795e-01,
            -1.27793574e+00, 8.52175295e-01, 6.82538688e-01,
            -7.15141475e-01, 5.02516270e-01, 4.74944293e-01,
            1.26527536e+00, 1.39725614e+00, 6.76090777e-01,
            -1.43458009e+00, -3.34116012e-01, -1.31703115e+00,
            -5.60716212e-01, 4.20311466e-03, -2.72998840e-01,
            1.07347155e+00, -3.58955190e-02, 8.77502024e-01,
            -3.80712956e-01, -9.69729662e-01, -3.84552002e-01,
            6.46396220e-01, -5.88739097e-01, 9.34606850e-01,
            1.71280229e+00, -5.75301349e-02, -4.12610322e-01,
            -6.14898622e-01, -9.37816024e-01, -4.10647005e-01,
            -1.00055009e-01, -5.74941337e-01, -3.89592171e-01,
            -1.62093711e+00, -2.11579904e-01, 3.52243453e-01,
            -2.94442087e-01, 5.07599056e-01, -5.51802851e-02,
            1.08118963e+00, -8.78068626e-01, -6.90600455e-01,
            -1.10072899e+00, 1.97060838e-01, 5.52120864e-01,
            5.39606512e-01, 5.25675714e-01, 1.02469528e+00,
            1.15030408e-01, 8.28262687e-01, -7.50974774e-01,
            2.10115165e-01, 2.29961902e-01, 1.56808853e-01,
            4.39817816e-01, -1.07053566e+00, -1.42247856e+00,
            2.57452369e-01, 1.26424527e+00, -9.77767408e-01,
            -2.18876123e-01, 5.99307477e-01, -5.11695325e-01,
            4.38425958e-01, -5.92481971e-01, 1.10971940e+00,
            1.78426534e-01, -2.82695830e-01, 1.43236041e-01,
            -9.86182690e-01, -2.17134356e-02, -1.96199387e-01,
            -4.29506660e-01, 1.75173596e-01, 4.55868430e-02,
            -1.41784894e+00, -4.72099721e-01, 1.57983452e-01,
            8.65801275e-01, 1.21305928e-01, -7.97037184e-01,
            3.56428802e-01, -5.75630784e-01, -1.39510715e+00,
            1.52309285e-02, 7.94980153e-02, -7.46475533e-02,
            -1.72101152e+00, -2.87181467e-01, -1.17955446e-01,
            -6.19697571e-01, 5.73583126e-01, 4.98241097e-01,
            -3.67748961e-02, 3.79947186e-01, -2.97275390e-02,
            -9.61397886e-01, 3.43296230e-01, 8.95726025e-01,
            -4.17568892e-01, -6.49816394e-01, 1.16952872e+00,
            -6.06296301e-01, 3.76308501e-01, -9.59069654e-02,
            -3.70150536e-01, 3.67118359e-01, 7.56900489e-01,
            3.50264847e-01, 2.34794080e-01, 3.00893843e-01,
            -1.10225475e+00, -1.31579781e+00, -8.83970857e-01,
            -6.80027246e-01, -5.82109928e-01 ]
    },
    "Jenny2": {
        "type_id": "opencv-matrix",
        "rows": 1,
        "cols": 128,
        "dt": "f",
        "data": [ -1.09499133e+00, 1.62390924e+00, 3.27151000e-01,
            -4.84810263e-01, 1.11649728e+00, -7.33215094e-01,
            -7.99539149e-01, 2.92585254e-01, -3.97915125e-01,
            7.97598958e-01, 2.83489138e-01, -1.15700388e+00,
            -1.66451001e+00, 4.15929228e-01, -3.34749609e-01,
            -1.60455406e+00, -1.21199310e+00, 3.04307908e-01,
            -1.79384673e+00, 1.12802291e+00, 1.08988810e+00,
            -3.74463677e-01, -5.05534172e-01, 6.57243878e-02,
            -7.06259072e-01, 9.59962845e-01, 8.01571906e-01,
            7.84383357e-01, 6.48171782e-01, 1.89257771e-01,
            3.04997057e-01, 3.63411605e-02, 5.48755646e-01,
            5.17759562e-01, 8.99971187e-01, 3.77935916e-01,
            7.99377322e-01, 1.05666757e+00, -5.59705615e-01,
            -1.64043278e-01, -9.02398109e-01, 1.12835526e+00,
            4.38017249e-01, 6.23591661e-01, -8.39886367e-01,
            -1.50112367e+00, -7.33852267e-01, 1.36885911e-01,
            -2.88680159e-02, 1.25805438e-01, 3.51706982e-01,
            7.84798145e-01, -9.83334780e-01, 4.75348949e-01,
            -1.41140491e-01, 3.87288809e-01, 1.16295278e-01,
            -6.79275155e-01, -1.59664035e-01, -1.38153687e-01,
            -5.76760471e-02, 1.72180787e-01, 7.96909034e-02,
            -1.32794523e+00, -2.59094059e-01, -5.51154017e-01,
            8.10339153e-01, -1.26391315e+00, -4.91343737e-01,
            -4.75233912e-01, -8.80520284e-01, -6.37816191e-01,
            -3.47370744e-01, 8.49245489e-03, -4.74115521e-01,
            -1.26186275e+00, 1.13001597e+00, 1.30503023e+00,
            1.38793159e+00, -4.86558378e-01, -8.68051231e-01,
            -9.35693085e-01, -3.58141363e-01, -1.19982362e+00,
            -1.23182869e+00, -1.03935421e+00, -1.06391764e+00,
            -6.90737784e-01, -8.45581770e-01, 5.13482809e-01,
            1.71110284e+00, 1.90162092e-01, -6.19878531e-01,
            2.06785488e+00, -1.21744120e+00, 7.89864302e-01,
            7.65204012e-01, -1.91130340e-01, -2.75687993e-01,
            -3.04098815e-01, -3.75672936e-01, -3.81465942e-01,
            -9.08883959e-02, -5.69920182e-01, 8.11920881e-01,
            -2.25535065e-01, -3.04603577e-01, 8.01141381e-01,
            -1.57186735e+00, -3.22684228e-01, 2.10147119e+00,
            -2.62134314e+00, 7.81752840e-02, -2.58005857e-01,
